Number of nodes
60774  65944  80556  60619  147046  59574  64295  96291  71727  97739  165768  165772  69933
Number of links
153809  166822  214668  153914  405149  148959  163760  257001  185615  259483  456183  463363  176285
Density
4.164407803922774e-05  3.836271503097213e-05  3.3080869411256965e-05  4.188589058021721e-05  1.873748483866535e-05  4.197208232434472e-05  3.9615047692649295e-05  2.7718385436129287e-05  3.607894179526632e-05  2.7162989839824985e-05  1.6601232098616994e-05  1.6861710069155906e-05  3.604601441031343e-05
Average clustering coefficient
8.556700019324004e-05  2.737777007355202e-05  3.9588953165844526e-05  2.47466729392424e-05  3.2773164811113513e-06  9.293304651613358e-05  2.4706891262488993e-05  2.124816047410131e-05  8.324326875974025e-06  4.240083129407477e-05  5.470028753338282e-06  4.519348427769866e-06  3.117789692961602e-05
Average In-Degree
2.5308355546779873  2.5297525172873954  2.6648294354238047  2.5390389151916066  2.7552534581015466  2.500402860308188  2.547009876351194  2.669003333644889  2.587798179207272  2.6548563009648145  2.7519364412914435  2.7951825398740437  2.520769879742039
Average Out-Degree
2.5308355546779873  2.5297525172873954  2.6648294354238047  2.5390389151916066  2.7552534581015466  2.500402860308188  2.547009876351194  2.669003333644889  2.587798179207272  2.6548563009648145  2.7519364412914435  2.7951825398740437  2.520769879742039
Average Total-Degree
5.0616711093559745  5.059505034574791  5.329658870847609  5.078077830383213  5.510506916203093  5.000805720616376  5.094019752702388  5.338006667289778  5.175596358414544  5.309712601929629  5.503872882582887  5.5903650797480875  5.041539759484078
Maximum In-Degree
29778  30185  38376  31086  66194  29021  30048  42679  33397  43200  88358  80395  33142
Maximum Out-Degree
15198  15972  22074  15965  33168  15264  16136  24588  17952  24946  37205  36819  19229
Maximum Total-Degree
44976  46157  60450  47051  99362  44285  46184  67267  51349  68146  125563  117214  52371
Average In-Degree Strength
1606817.1740708  2024888.4777770282  2237894.0526397307  1792728.7370444855  6136318.34400553  1429517.85968327  1772995.0397827616  3404305.620636063  1687728.1520817725  2464000.0591177517  7567844.6776085505  5663430.695156565  2027557.328747637
Average Out-Degree Strength
1606817.174070801  2024888.4777770306  2237894.0526397396  1792728.7370444904  6136318.344005533  1429517.8596832687  1772995.0397827602  3404305.620636061  1687728.1520817704  2464000.05911775  7567844.677608565  5663430.695156573  2027557.3287476387
Average Total-Degree Strength
3213634.348141601  4049776.9555540583  4475788.105279471  3585457.474088976  12272636.688011065  2859035.7193665383  3545990.079565522  6808611.2412721235  3375456.304163543  4928000.118235502  15135689.355217118  11326861.39031314  4055114.6574952756
Average path length
7.4883310701696955  7.681334486634904  8.01120703399253  6.973106725728706  8.092098113975023  7.570300705632025  10.093916787203764  8.502420401845589  8.071861984952774  8.100048644072984  9.265345026386123  8.39202594159249  9.049761352053917
Diameter
230  187  271  146  211  291  274  394  177  290  320  302  266
